5
7
14
12
10
11
19
21
23
26
35
67
53
29
10
48
70
23
5
7
14
12
10
11
19
21
23
26
35
67
53
29
10
48
70
23
5
7
14
12
10
11
19
21
23
26
35
67
53
29
10
48
70
23
5
7
14
12
10
11
19
21
23
26
35
67
53
29
10
48
70
23
5
7
14
12
10
11
19
21
23
26
35
67
53
29
10
48
70
23
5
7
14
12
10
11
19
21
23
26
35
67
53
29
10
48
70
23
5
7
14
12
10
11
19
21
23
26
35
67
53
29
10
48
70
23
5
7
14
12
10
11
19
21
23
26
35
67
53
29
10
48
70
23
5
7
14
12
10
11
19
21
23
26
35
67
53
29
10
48
70
23
5
7
14
12
10
11
19
21
23
26
35
67
53
29
10
48
70
23
5
7
14
12
10
11
19
21
23
26
35
67
53
29
10
48
70
23
5
7
14
12
10
11
19
21
23
26
35
67
53
29
10
48
70
23
5
7
14
12
10
11
19
21
23
26
35
67
53
29
10
48
70
23
5
7
14
12
10
11
19
21
23
26
35
67
53
29
10
48
70
23
5
7
14
12
10
11
19
21
23
26
35
67
53
29
10
48
70
23
5
7
14
12
10
11
19
21
23
26
35
67
53
29
10
48
70
23
5
7
14
12
10
11
19
21
23
26
35
67
53
29
10
48
70
23
5
7
14
12
10
11
19
21
23
26
35
67
53
29
10
48
70
23
5
7
14
12
10
11
19
21
23
26
35
67
53
29
10
48
70
23
5
7
14
12
10
11
19
21
23
26
35
67
53
29
10
48
70
23
5
7
14
12
10
11
19
21
23
26
35
67
53
29
10
48
70